3.290680E-04
9.415100E-05
4.493310E-04
-8.340660E-05
3.485250E-04
1.426460E-03
-8.916890E-05
2.398700E-04
4.870190E-04
5.462740E-04
2.927830E-04
7.067070E-05
-3.710330E-04
-1.684550E-04
1.441220E-03
7.911790E-05
7.545590E-05
-9.767120E-05
1.659070E-05
1.007520E-03
1.086950E-03
2.078170E-04
2.965300E-05
-5.250390E-05
-5.069140E-05
9.040730E-04
7.306570E-04
8.088400E-04
2.682680E-04
9.120120E-06
-1.722940E-04
-8.143890E-05
9.450990E-04
7.801620E-04
7.830560E-04
9.493770E-04
