2.511290E-04
-1.317680E-05
3.144120E-04
1.585550E-05
4.114300E-04
1.061640E-03
-1.700680E-05
1.833290E-04
4.353690E-04
6.234750E-04
1.426890E-04
2.185200E-05
5.071830E-05
1.387910E-04
8.664110E-04
1.411820E-04
-2.561920E-05
9.694720E-05
1.446780E-04
8.835620E-04
9.707120E-04
6.957900E-05
3.966140E-05
2.281350E-04
2.785090E-04
8.501640E-04
9.223220E-04
1.224380E-03
1.209680E-04
4.732600E-05
1.781470E-04
2.582730E-04
9.710740E-04
1.063670E-03
1.426870E-03
1.751020E-03


