2.455370E-04
2.177060E-04
2.964620E-04
1.272470E-04
1.215880E-04
3.507580E-04
1.934460E-04
1.264330E-04
1.731830E-04
7.037280E-04
1.523620E-04
6.681290E-05
1.669470E-04
2.643750E-04
1.003330E-03
1.285420E-04
1.306690E-04
1.223540E-04
1.298600E-04
8.562260E-04
1.170530E-03
1.256490E-04
-4.941490E-06
8.067820E-05
1.860450E-04
6.245760E-04
5.586000E-04
5.100310E-04
1.464610E-04
3.350150E-05
1.708630E-04
2.691940E-04
7.321140E-04
7.239300E-04
5.493500E-04
6.481890E-04



