4.419110E-04
2.856100E-04
2.633020E-04
3.845780E-04
2.899110E-04
7.501760E-04
1.925480E-04
1.322540E-04
3.430300E-04
9.161000E-04
3.211850E-04
2.399630E-04
2.231480E-04
-1.600450E-05
9.677470E-04
4.117430E-04
2.972160E-04
3.082210E-04
-1.995990E-04
9.422180E-04
1.046590E-03
4.233220E-04
1.803920E-04
5.465050E-04
2.282100E-04
5.298910E-04
5.401490E-04
1.013330E-03
3.682700E-04
1.448240E-04
5.282460E-04
1.817370E-04
4.636770E-04
4.952260E-04
8.643810E-04
8.249330E-04
