8.375340E-05
8.026140E-05
1.565650E-04
2.217330E-04
2.148150E-04
8.954080E-04
6.980760E-05
6.460210E-05
3.002850E-04
7.657760E-04
1.484240E-04
4.038590E-05
1.533240E-04
-3.551370E-05
7.449340E-04
1.803230E-04
7.999060E-05
2.135330E-04
-1.518670E-04
7.734980E-04
9.816490E-04
9.248390E-05
4.048120E-05
1.555060E-04
1.260400E-04
4.751870E-04
5.243540E-04
7.008300E-04
8.920830E-05
3.043210E-05
1.364580E-04
1.344840E-04
4.027680E-04
5.237470E-04
6.484100E-04
7.234510E-04
