2.917050E-04
1.120020E-04
3.023170E-04
-1.947410E-06
1.663660E-04
2.862720E-04
-7.740410E-05
-1.814790E-05
3.459730E-05
4.632250E-04
1.560410E-04
-7.278530E-05
2.697480E-05
-1.088410E-04
6.025620E-04
2.724330E-05
-1.417880E-04
-4.727410E-05
8.164490E-05
4.619790E-04
6.463160E-04
1.915150E-04
-3.329280E-05
-2.747810E-05
-1.097350E-05
4.091270E-04
3.154190E-04
3.677450E-04
1.771740E-04
-1.108850E-04
-3.607700E-05
-3.387970E-06
5.273780E-04
5.074860E-04
4.337520E-04
6.060120E-04
