3.482650E-04
5.389270E-05
1.612780E-04
2.514650E-04
6.453150E-05
8.299670E-04
1.016750E-04
-2.027180E-06
4.420320E-04
5.598840E-04
2.678490E-04
1.513590E-04
1.302850E-04
1.216870E-04
3.948720E-04
2.382880E-04
9.388200E-05
2.487090E-04
2.997770E-04
3.305140E-04
4.515580E-04
2.046500E-04
6.059510E-05
1.361590E-04
1.146880E-04
2.846470E-04
2.868290E-04
3.436040E-04
2.963260E-04
7.888540E-06
2.208820E-04
2.783810E-04
3.513780E-04
4.226000E-04
4.202150E-04
6.086670E-04
